Some((
    red: 0.43630794,
    green: 0.7346469,
    blue: 0.44625753,
))